.03,0,.05,0,0,0,.02,0,.02,0,.02,0,.05,0,.07,0,0,0,.01,0,.02,0,.02,0,.04,0,.05,0,0,0,.02,0,.03,0,.02,0,.03,0,.05,0,0,0,.02,0,.03,0,.02,0,.04,0,.06,0,0,0,.02,0,.03,0,.02,0,.03,0,.05,0,.01,0,.02,0,.03,0,.01,0,.03,0,.04,0,.01,0,.02,0,.03,0,.02,0,.04,0,.06,0,.01,0,.02,0,.03,0,.01,0,.03,0,.04,0,.01,0,.02,0,.03,0,.01,0,.03,0,.04,0,.01,0,.02,0,.03,0,.01,0,.03,0,.04,0,.02,0,.04,0,.06,0,.01,0,.02,0,.03,0,.01,0,.03,0,.04,0,.01,0,.02,0,.03,0,.01,0,.03,0,.04,0,0,0,.01,0,.02,0,.03,0,.06,0,.08,0,0,0,.01,0,.02,0,.02,0,.03,0,.05,0,0,0,.01,0,.02,0,.05,0,.1,0,.16,0,0,0,0,0,.01,0,.02,0,.03,0,.05,0,0,0,0,0,0,0,.06,0,.11,0,.17,0h0c1.77-.03,3.51-.09,5.24-.16.28-.01.49-.24.48-.52-.01-.27-.23-.48-.5-.48h0ZM349.27,94.76c-.22,0-.42.15-.48.37-.07.27.08.54.35.61,2.72.75,5.31,1.32,7.8,1.76.03,0,.06,0,.09,0,.24,0,.45-.17.49-.41.05-.27-.13-.53-.41-.58-2.55-.45-5.14-1.03-7.71-1.74-.04-.01-.09-.02-.13-.02h0ZM328.03,86.29c-.18,0-.36.1-.45.27-.12.25-.03.55.22.67.41.21.84.42,1.27.64,0,0,0,0,0,0,.01,0,.02.01.04.02,0,0,0,0,0,0,0,0,.02,0,.03.01,0,0,.01,0,.02,0,0,0,.02,0,.03.01,0,0,.02,0,.02.01,0,0,0,0,0,0,1.24.61,2.55,1.24,3.95,1.88,0,0,0,0,0,0,0,0,.01,0,.02,0,.01,0,.02.01.04.02.02,0,.04.02.05.02,0,0,.01,0,.02,0,.01,0,.02.01.04.02,0,0,.01,0,.02,0,.01,0,.02.01.03.02,0,0,.01,0,.02,0,.01,0,.02.01.03.02,0,0,.01,0,.02,0,.01,0,.02,0,.03.01.02,0,.03.02.05.02,0,0,.01,0,.02,0,.01,0,.02.01.04.02,0,0,0,0,.01,0,.01,0,.03.01.04.02,0,0,0,0,0,0,.01,0,.03.01.04.02,0,0,0,0,0,0,.45.2.89.4,1.32.59.06.03.13.04.2.04.19,0,.38-.11.46-.3.11-.25,0-.55-.26-.66-.59-.26-1.18-.53-1.78-.8-1.87-.86-3.69-1.74-5.4-2.6-.07-.04-.15-.05-.23-.05h0ZM308.51,74.27c-.16,0-.32.08-.42.23-.15.23-.08.54.15.69.28.18.55.36.83.54,0,0,0,0,0,0,.02.01.04.02.06.04,0,0,0,0,0,0,0,0,.02.01.02.02,0,0,0,0,0,0,0,0,.01,0,.02.01,0,0,0,0,.01,0,0,0,.01,0,.02.01,0,0,0,0,.01,0,0,0,0,0,.01,0,0,0,.02.01.02.02,0,0,0,0,0,0,.89.59,1.78,1.2,2.72,1.84.82.56,1.66,1.14,2.56,1.74,0,0,0,0,0,0,0,0,0,0,0,0,.11.07.21.14.32.22.08.06.18.08.27.08.16,0,.32-.08.42-.22.15-.23.09-.54-.14-.69-1.02-.68-1.97-1.33-2.88-1.96-1.3-.89-2.53-1.73-3.76-2.53-.08-.05-.18-.08-.27-.08h0ZM286.68,67.12c-.27,0-.49.21-.5.48-.01.28.2.51.48.52,1.48.06,2.96.2,4.44.41,0,0,0,0,0,0,0,0,.02,0,.03,0,0,0,0,0,0,0,.07,0,.13.02.2.03,0,0,0,0,0,0,0,0,.02,0,.02,0,0,0,0,0,0,0,0,0,.02,0,.02,0,0,0,0,0,0,0,0,0,.01,0,.02,0,0,0,0,0,.01,0,0,0,.01,0,.02,0,0,0,0,0,.01,0,0,0,.01,0,.02,0,0,0,0,0,0,0,0,0,.01,0,.02,0,0,0,0,0,.01,0,0,0,.01,0,.02,0,0,0,0,0,.01,0,0,0,.01,0,.02,0,0,0,0,0,.01,0,0,0,.01,0,.02,0,0,0,0,0,.01,0,0,0,.01,0,.02,0,0,0,0,0,0,0,.02,0,.03,0,.05,0,0,0,0,0,0,0,0,0,0,0,.01,0,0,0,.01,0,.02,0,0,0,0,0,.01,0,0,0,.01,0,.02,0,0,0,0,0,.01,0,0,0,.01,0,.02,0,0,0,0,0,.01,0,0,0,.01,0,.02,0,0,0,0,0,.01,0,0,0,.01,0,.02,0,0,0,0,0,.01,0,0,0,.01,0,.02,0,0,0,0,0,.01,0,0,0,.01,0,.02,0,0,0,0,0,.01,0,0,0,.01,0,.02,0,0,0,0,0,.01,0,0,0,.01,0,.02,0,0,0,0,0,0,0,0,0,.01,0,.02,0,0,0,0,0,0,0,.03,0,.06.01.09.02,0,0,0,0,0,0h.02s0,0,.01,0c0,0,.01,0,.02,0,0,0,0,0,0,0,0,0,.01,0,.02,0,0,0,0,0,0,0,0,0,.01,0,.02,0,0,0,0,0,0,0,0,0,.01,0,.02,0,0,0,0,0,.01,0,0,0,.01,0,.02,0,0,0,0,0,0,0,0,0,.01,0,.02,0,0,0,0,0,.01,0,0,0,.01,0,.02,0,0,0,0,0,.01,0,0,0,.01,0,.02,0,0,0,0,0,.01,0,0,0,.01,0,.02,0,0,0,0,0,0,0,0,0,.02,0,.03,0,0,0,0,0,0,0,0,0,.02,0,.03,0,0,0,0,0,0,0,0,0,.01,0,.02,0,0,0,0,0,.01,0,0,0,.01,0,.02,0,0,0,0,0,.01,0,0,0,.01,0,.02,0,0,0,.01,0,.01,0,0,0,0,0,.01,0,0,0,0,0,.01,0,0,0,.01,0,.02,0,0,0,.01,0,.02,0,0,0,0,0,.01,0,0,0,0,0,.01,0,0,0,.01,0,.02,0,0,0,0,0,.01,0,0,0,.01,0,.02,0,0,0,0,0,.01,0,0,0,.01,0,.02,0,0,0,0,0,.01,0,0,0,0,0,.01,0,0,0,.01,0,.02,0,0,0,0,0,.01,0,0,0,.01,0,.02,0,0,0,0,0,0,0,.01,0,.03,0,.05,0,0,0,0,0,0,0,0,0,.01,0,.02,0,0,0,0,0,0,0,0,0,.01,0,.02,0,0,0,0,0,.01,0,0,0,.01,0,.02,0,0,0,0,0,.01,0,0,0,.01,0,.02,0h.01s.01,0,.02,0c0,0,0,0,.01,0,0,0,.01,0,.02,0,0,0,0,0,0,0,0,0,.01,0,.02,0,0,0,0,0,0,0,0,0,.01,0,.02,0,0,0,0,0,0,0,0,0,.02,0,.03,0,0,0,0,0,0,0,.49.1.98.2,1.47.32.04,0,.08.01.11.01.23,0,.43-.16.49-.39.06-.27-.1-.54-.37-.6-2.59-.61-5.32-.98-8.1-1.1,0,0-.01,0-.02,0h0Z"/>
  </g>
  <line class="cls-279" x1="504.54" y1="22.03" x2="504.54" y2="482"/>
  <line class="cls-279" x1="302.9" y1="22.03" x2="302.9" y2="496"/>
  <text transform="translate(213.59 181.47) scale(.9 1)"><tspan class="cls-334"><tspan class="cls-369" x="0" y="0">VNĐ</tspan><tspan class="cls-384" x="43.83" y="0"> </tspan></tspan><tspan class="cls-324"><tspan x="0" y="9.6">(VIỆT NAM ĐẺSIGN </tspan><tspan class="cls-400" x="59.07" y="9.6">D</tspan><tspan class="cls-386" x="63.35" y="9.6">A</tspan><tspan x="66.83" y="9.6">Y)</tspan></tspan></text>
  <text class="cls-322" transform="translate(187.29 274.32) scale(.9 1)"><tspan class="cls-378" x="0" y="0">V</tspan><tspan x="13" y="0">icose #3</tspan></text>
  <text class="cls-13" transform="translate(193.92 274.32) scale(.9 1)"><tspan x="0" y="0">Vicose </tspan></text>
  <text class="cls-337" transform="translate(30.92 217.32) scale(.9 1)"><tspan class="cls-378" x="0" y="0">V</tspan><tspan x="8.13" y="0">icose #3</tspan></text>
  <text class="cls-271" transform="translate(36.07 216.32) scale(.9 1)"><tspan x="0" y="0">Vicose </tspan></text>
  <text class="cls-322" transform="translate(179.38 369.44) scale(.9 1)"><tspan class="cls-397" x="0" y="0">N</tspan><tspan class="cls-362" x="13.05" y="0">e</tspan><tspan x="21.43" y="0">t Fluxi</tspan><tspan class="cls-380" x="75.43" y="0">s</tspan><tspan x="83.1" y="0">ts</tspan></text>
  <text class="cls-337" transform="translate(31.45 391.44) scale(.9 1)"><tspan class="cls-394" x="0" y="0">N</tspan><tspan class="cls-367" x="8.15" y="0">e</tspan><tspan x="13.39" y="0">t Fluxi</tspan><tspan class="cls-382" x="47.14" y="0">s</tspan><tspan x="51.94" y="0">ts</tspan></text>
  <text class="cls-352" transform="translate(474.67 411.7) scale(.9 1)"><tspan class="cls-365" x="0" y="0">V</tspan><tspan x="16.25" y="0">i</tspan><tspan class="cls-364" x="23.38" y="0">e</tspan><tspan x="33.86" y="0">tnam </tspan><tspan x="0" y="24">Media Lab</tspan></text>
  <text class="cls-352" transform="translate(245.25 417.92) scale(.9 1)"><tspan class="cls-365" x="0" y="0">V</tspan><tspan x="16.25" y="0">inA/V #</tspan><tspan class="cls-402" x="95.82" y="0">0</tspan><tspan x="107.2" y="0">1</tspan></text>
  <text transform="translate(505.93 200.57) scale(.9 1)"><tspan class="cls-322"><tspan x="0" y="0">P</tspan><tspan class="cls-395" x="10.95" y="0">r</tspan><tspan class="cls-408" x="19.3" y="0">oposals</tspan></tspan><tspan class="cls-327"><tspan x="61.83" y="9.6">(TBC)</tspan></tspan></text>
  <text class="cls-322" transform="translate(580.55 316.96) scale(.9 1)"><tspan x="0" y="0">A</tspan><tspan class="cls-387" x="13.23" y="0">r</tspan><tspan x="22.02" y="0">tisans</tspan></text>
  <text class="cls-13" transform="translate(194.9 369.44) scale(.9 1)"><tspan x="0" y="0">Net Fluxists</tspan></text>
  <rect class="cls-219" x="10.88" y="380.83" width="15.75" height="15.75"/>
  <text class="cls-321" transform="translate(16.69 393.8) scale(.9 1)"><tspan x="0" y="0">3</tspan></text>
  <text class="cls-271" transform="translate(35.65 391.44) scale(.9 1)"><tspan x="0" y="0">Net Fluxists</tspan></text>
  <rect class="cls-240" x="707.5" y="459.5" width="123.85" height="126"/>
  <text class="cls-354" transform="translate(731.26 469.58) scale(.9 1)"><tspan x="0" y="0">VINA/V is a VJ performance presenting </tspan><tspan x="12.21" y="7.2">the three-month-long collaboration </tspan><tspan x="5.41" y="14.4">between RMIT digital media students </tspan><tspan x="33.82" y="21.6">and V2X academy alumni.</tspan><tspan x="19.74" y="28.8">In this course, students conduct </tspan><tspan x="8.06" y="36">research and develop visual content </tspan><tspan x="22.67" y="43.2">inspired by the theme “Vina”, a </tspan><tspan x="-.86" y="50.4">shorthand representing Vietnam. “Vina” </tspan><tspan x="7.73" y="57.6">not only encompasses Vinahouse, a </tspan><tspan x=".33" y="64.8">music genre that motivates club culture </tspan><tspan x="10.59" y="72">in Vietnam, but also art and cultural </tspan><tspan x="7.33" y="79.2">elements that are attached to “Vina”. </tspan><tspan x="6.39" y=